Session values are (Total task percentage done)/100.

insert into focussession values('user1', 44, 0.23, 0.53, 0.49, 0.39, 0.51, 0.35, 0.09, 0.54, 0.58, 0.57, 0.16, 0.57, 0.65, 0.07, 0.44, 0.47, 0.05, 0.44, 0.02, 0.87, 0.38, 0.39, 0.43, 0.19, 0.53, 0.6, 0.09, 0.02, 0.42, 0.19, 0.03, 0.23, 0.05, 0.96, 0.44, 0.88, 0.64, 0.64, 0.38, 0.92);

insert into focussession values('user1', 43, 0.6, 0.81, 0.57, 0.12, 0.52, 0.86, 0.71, 0.14, 0.3, 0.23, 0.11, 0.23, 0.44, 0.21, 0.67, 0.81, 0.92, 0.21, 0.27, 0.53, 0.48, 0.12, 0.13, 0.01, 0.01, 0.68, 0.64, 0.79, 0.37, 0.59, 0.28, 0.3, 0.56, 0.64, 0.31, 0.82, 0.23, 0.02, 0.62, 0.64);

insert into focussession values('user2', 44, 0.57, 0.72, 0.95, 0.54, 0.42, 0.16, 0.11, 0.33, 0.74, 0.74, 0.76, 0.26, 0.18, 0.16, 0.0, 0.05, 0.89, 0.77, 0.88, 1.0, 0.14, 0.85, 0.4, 0.51, 0.55, 0.83, 0.83, 0.55, 0.37, 0.66, 0.2, 0.31, 0.72, 0.13, 0.41, 0.21, 0.46, 0.93, 0.61, 0.06);

insert into focussession values('user3', 44, 0.72, 0.34, 0.83, 0.6, 0.6, 0.14, 0.31, 0.47, 0, 0, 0, 0, 0, 0, 0, 0, 0, 0, 0, 0, 0, 0, 0, 0, 0, 0, 0, 0, 0, 0, 0, 0, 0, 0, 0, 0, 0, 0, 0, 0);

insert into focussession values('user4', 44, 0.72, 0.34, 0, 0.6, 0.6, 0, 0, 0.47, 0, 0, 0, 0, 0, 0, 0, 0, 0, 0, 0, 0, 0, 0, 0, 0, 0, 0, 0, 0, 0, 0, 0, 0, 0, 0, 0, 0, 0, 0, 0, 0);

insert into focussession values('user5', 44, 0.15, 0.61, 0, 0.68, 0.32, 0.93, 0.86, 0, 0.23, 0.87, 0.26, 0.15, 0.26, 0.17, 0.85, 0.06, 0.15, 0.46, 0.17, 0.76, 0.84, 0.38, 0.67, 0, 0.02, 0.87, 0.26, 0, 0.48, 0, 0.23, 0.94, 0.44, 0.93, 0.19, 0, 0.73, 0.55, 0, 0);
